63500518
62406450
61370234
62591130
60961147
58523462
61707467
63944422
66635615
60310191
60220637
63562941
61363412
61285509
61452840
61911680
61323377
63610859
60957286
61090616
61101847
58710553
59939883
60718059
61656125
58417491
63758568
63274561
57277509
59233883
64156718
61185643
60905283
63073969
60592674
64486670
65091845
63263440
61423681
60614785
61050319
59090472
64284250
63613231
60535450
60666501
61519935
61709632
58869267
63231918
63105692
65017447
67069551
61706723
62666148
61085987
60497335
59657762
62601350
60437623
63149219
61961788
60164393
62290645
63080008
61386594
62555530
55983413
62720758
62664036
61858781
61848846
61702707
59923186
59627344
58935602
62108744
63805873
60758312
61987898
61324859
61708098
64199436
59726757
63171256
62321205
61584396
64660575
61704900
60775015
66473866
60426059
62614598
59496240
60747855
62409578
61696964
62864744
62562707
62410878
63626085
61992851
62522004
62312737
62287200
60306599
64544183
66089866
61005209
63470171
59882825
62137569
66767347
66159358
61725740
-66818798
57625385
65132819
63119595
66625710
62352775
61583081
-65899608
64528950
63157811
64062803
66006227
62339295
56841194
57476277
60173406
58267076
61405129
66286593
-65665443
63967672
60510832
64228668
62667397
63862459
62854562
-66120052
57353731
-66305678
57937992
65100242
64024848
63538275
66251812
59343905
60093480
67063885
-66332397
-66641071
62316626
58744288
61495308
61676310
60940405
61732587
-51723146
-57348745
-56621596
-55944307
-55315069
-54727792
-54205120
-59791596
-49640231
-59934230
-52659555
-52181236
-51733335
-51310579
-50913700
-57962388
-66467187
58827304
55701112
67084955
-63646748
53369410
66503097
-65614945
56214268
-64579091
59599295
53798342
66354744
65868651
56519302
58807384
64290699
62456957
65593853
66324945
65068273
62754660
65582960
63342638
66065262
61494197
63457111
61294779
64898177
63254968
65871041
61939405
65324874
64261448
62402286
62812889
64540901
62694184
65049311
62015474
66370855
63829488
65431985
65618742
63366480
63859077
63332943
66435207
63810715
64725469
63247593
63488775
61934031
63821343
64514142
62938354
61628090
63756646
67107290
60979177
63766047
62121599
60833111
61858091
61338004
63084281
62596658
66757081
62523642
62946013
65477115
65698496
64490173
64420799
64178649
62977033
66746615
62554011
66375621
0
59429100
59834769
62225928
61325121
63078603
64113616
63374186
59890943
61827643
62873201
63686309
64992499
59257696
66718797
67098633
59790576
57438027
57658379
54336413
62327327
60191817
61425131
61384837
62249143
61231297
61841940
59373003
60184619
56182614
63460825
58454227
58763637
62576239
61761223
62422801
63028017
62124597
66495961
63703678
63615657
66887035
64393770
61648116
62800755
61799339
64343703
67098218
66906457
62065725
59931746
-66004170
64539176
65952267
63319828
62196710
64959762
-66752370
60737399
61198851
63301480
62933212
64608571
55286554
57764014
64366571
62422103
62700192
64590270
64315763
64138685
60973791
66116422
-66217515
65486374
60675790
-65851942
62376666
63272581
64275736
63782368
58917187
65484288
63530112
60868626
57745422
66767257
64433201
62685448
59507100
60264075
60092272
61562309
61363576
58300679
61925887
61101907
56330283
59654190
58357029
58970180
55647433
58574408
56956068
58098065
58913600
59040831
58053889
55262966
54649052
52761364
54042587
55768664
-61826460
-64328303
-59295534
-61050451
-56334609
-63301687
-60339112
-57538718
-61899833
-65484400
-62979152
-61937432
-65087322
-67005547
62832357
-63837176
47538536
32883634
33367509
30759769
30911176
31564406
33850799
30051321
31321491
29884995
30128377
28084842
28591538
29803865
28918978
39323614
32339182
35739010
29479543
30481988
31185977
26323646
24743758
25682386
25435417
29274531
29668744
24124672
23441373
24925010
24193198
22282983
-31802596
-30589049
-30545126
-30501335
-30462160
-30425443
-30401189
-34958082
-39751726
-40837700
-40775910
-40813282
-40849110
-40880681
-40911694
-40648855
-57888027
-65897783
-59025338
-59238080
-66046477
-47630771
-44445044
-48309662
-48651090
-40980597
-56256287
-54380871
-52556726
-50735562
-53169366
-47274927
64650257
61510413
64050054
63180229
65524644
62636578
63778857
62533309
65826184
63275460
62054037
60954907
61317883
65120081
63982659
64826239
66127338
64253044
64896299
65289169
62789711
63043988
65783458
59677719
61457098
63591931
64990138
63308642
62257935
62749167
62991911
61249528
63830746
62069856
61566140
60325437
62968299
62716782
62912716
65912285
63708253
59504000
63598368
64841049
63808417
63357926
61416057
64609231
-65345729
66261775
62634253
63782249
-65954751
63071185
58490752
64986695
63624946
58874345
63473938
-66025083
62885565
65109379
-63321071
0
