585958
-508110
-1544326
-323430
-1953413
-4391098
-1207093
1029862
3721055
-2604369
-2693923
648381
-1551148
-1629051
-1461720
-1002880
-1591183
696299
-1957274
-1823944
-1812713
-4204007
-2974677
-2196501
-1258435
-4497069
844008
360001
-5637051
-3680677
1242158
-1728917
-2009277
159409
-2321886
1572110
2177285
348880
-1490879
-2299775
-1864241
-3824088
1369690
698671
-2379110
-2248059
-1394625
-1204928
-4045293
317358
191132
2102887
4154991
-1207837
-248412
-1828573
-2417225
-3256798
-313210
-2476937
234659
-952772
-2750167
-623915
165448
-1527966
-359030
-6931147
-193802
-250524
-1055779
-1065714
-1211853
-2991374
-3287216
-3978958
-805816
891313
-2156248
-926662
-1589701
-1206462
1284876
-3187803
256696
-593355
-1330164
1746015
-1209660
-2139545
3559306
-2488501
-299962
-3418320
-2166705
-504982
-1217596
-49816
-351853
-503682
711525
-921709
-392556
-601823
-627360
-2607961
1629623
3175306
-1909351
555611
-3031735
-776991
3852787
3244798
-1188820
4484370
-5289175
2218259
205035
3711150
-561785
-1331479
5403560
1614390
243251
1148243
3091667
-575265
-6073366
-5438283
-2741154
-4647484
-1509431
3372033
5637725
1053112
-2403728
1314108
-247163
947899
-59998
5183116
-5560829
4997490
-4976568
2185682
1110288
623715
3337252
-3570655
-2821080
4149325
4970771
4662097
-597934
-4170272
-1419252
-1238250
-1974155
-1181973
19580022
13954423
14681572
15358861
15988099
16575376
17098048
11511572
21662937
11368938
18643613
19121932
19569833
19992589
20389468
13340780
4835981
-4087256
-7213448
4170395
7656420
-9545150
3588537
5688223
-6700292
6724077
-3315265
-9116218
3440184
2954091
-6395258
-4107176
1376139
-457603
2679293
3410385
2153713
-159900
2668400
428078
3150702
-1420363
542551
-1619781
1983617
340408
2956481
-975155
2410314
1346888
-512274
-101671
1626341
-220376
2134751
-899086
3456295
914928
2517425
2704182
451920
944517
418383
3520647
896155
1810909
333033
574215
-980529
906783
1599582
23794
-1286470
842086
4192730
-1935383
851487
-792961
-2081449
-1056469
-1576556
169721
-317902
3842521
-390918
31453
2562555
2783936
1575613
1506239
1264089
62473
3832055
-360549
3461061
0
-3485460
-3079791
-688632
-1589439
164043
1199056
459626
-3023617
-1086917
-41359
771749
2077939
-3656864
3804237
4184073
-3123984
-5476533
-5256181
-8578147
-587233
-2722743
-1489429
-1529723
-665417
-1683263
-1072620
-3541557
-2729941
-6731946
546265
-4460333
-4150923
-338321
-1153337
-491759
113457
-789963
3581401
789118
701097
3972475
1479210
-1266444
-113805
-1115221
1429143
4183658
3991897
-848835
-2982814
5298998
1624616
3037707
405268
-717850
2045202
4550798
-2177161
-1715709
386920
18652
1694011
-7628006
-5150546
1452011
-492457
-214368
1675710
1401203
1224125
-1940769
3201862
5085653
2571814
-2238770
5451226
-537894
358021
1361176
867808
-3997373
2569728
615552
-2045934
-5169138
3852697
1518641
-229112
-3407460
-2650485
-2822288
-1352251
-1550984
-4613881
-988673
-1812653
-6584277
-3260370
-4557531
-3944380
-7267127
-4340152
-5958492
-4816495
-4000960
-3873729
-4860671
-7651594
-8265508
-10153196
-8871973
-7145896
9476708
6974865
12007634
10252717
14968559
8001481
10964056
13764450
9403335
5818768
8324016
9365736
6215846
4297621
-82203
7465992
-15376024
-30030926
-29547051
-32154791
-32003384
-31350154
-29063761
-32863239
-31593069
-33029565
-32786183
-34829718
-34323022
-33110695
-33995582
-23590946
-30575378
-27175550
-33435017
-32432572
-31728583
-36590914
-38170802
-37232174
-37479143
-33640029
-33245816
-38789888
-39473187
-37989550
-38721362
-40631577
39500572
40714119
40758042
40801833
40841008
40877725
40901979
36345086
31551442
30465468
30527258
30489886
30454058
30422487
30391474
30654313
13415141
5405385
12277830
12065088
5256691
23672397
26858124
22993506
22652078
30322571
15046881
16922297
18746442
20567606
18133802
24028241
1735697
-1404147
1135494
265669
2610084
-277982
864297
-381251
2911624
360900
-860523
-1959653
-1596677
2205521
1068099
1911679
3212778
1338484
1981739
2374609
-124849
129428
2868898
-3236841
-1457462
677371
2075578
394082
-656625
-165393
77351
-1665032
916186
-844704
-1348420
-2589123
53739
-197778
-1844
2997725
793693
-3410560
683808
1926489
893857
443366
-1498503
1694671
5957439
3347215
-280307
867689
5348417
156625
-4423808
2072135
710386
-4040215
559378
5278085
-28995
2194819
7982097
0
