row col x_error y_error
0 0 -0.0459508896 -0.4694776535
0 1 -0.1300642490 -0.2445001602
0 2 -0.3300060034 -0.1667572260
0 3 -0.0857738256 -0.2011904716
0 4 -0.0120292902 0.0581345558
0 5 -0.3405920267 -0.0431457758
0 6 0.0428652763 0.2044205666
0 7 0.3582004309 -0.2864575386
0 8 0.5338965654 -0.2037781477
0 9 -0.0610498190 -0.0195705891
0 10 0.0711179972 0.0744754076
0 11 0.1820447445 0.3041845560
0 12 -0.0638245344 -0.4689979553
0 13 -0.0258746147 0.4586622715
0 14 -0.0110272169 0.4628171921
0 15 0.1041984558 -0.3268097639
1 0 -0.2372175455 -0.7653412819
1 1 0.2638833523 -0.5541679859
1 2 -0.1862565279 -0.9317579269
1 3 0.0746232271 -0.2065649033
1 4 0.1789008379 -0.4276496172
1 5 -0.1519329548 -0.0458835363
1 6 0.0304813385 -0.2003685236
1 7 -0.0118900537 -0.1115928888
1 8 0.1942718029 -0.2063078880
1 9 -0.1768348217 -0.1356153488
1 10 0.3611409664 -0.3427982330
1 11 0.1892671585 -0.4185686111
1 12 -0.3765517473 -0.7999759912
1 13 -0.0014705658 0.1304752827
1 14 0.4001708031 -0.5331249237
1 15 -0.1150138378 -0.4243139029
2 0 -0.1710335016 -0.0240876675
2 1 0.3010091782 -0.0209770203
2 2 -0.0272940397 -0.1858668327
2 3 0.6456645727 0.0128632784
2 4 0.4719836712 -0.1526128054
2 5 -0.0907955170 0.5409888029
2 6 -0.0551923513 0.0742399693
2 7 0.1093257666 0.1196879148
2 8 0.1078644991 0.4711105824
2 9 -0.0056290627 0.1999018192
2 10 0.3888247013 -0.0519341230
2 11 0.2161965370 -0.1104354858
2 12 -0.0557893515 -0.1003715992
2 13 -0.0188444853 0.0541931391
2 14 0.2143912315 0.4194556475
2 15 0.0476683378 0.5249538422
3 0 -0.3712409735 0.0456458330
3 1 0.3217517138 -0.3252393007
3 2 0.2824687958 0.4858275652
3 3 0.4363455772 0.3076856136
3 4 0.3658529520 0.1918427944
3 5 -0.1082071066 0.1593471766
3 6 0.0965772867 -0.0518682003
3 7 -0.1021959782 0.0885690451
3 8 -0.1097799540 0.6594197750
3 9 -0.1098890305 -0.1370732784
3 10 0.3147506714 -0.3052681684
3 11 -0.1036554575 0.0218046904
3 12 0.3357454538 -0.0968018770
3 13 0.0646053553 0.3712770939
3 14 -0.0997606516 -0.9276431799
3 15 0.1756286621 -0.7489547729
4 0 0.0083143711 0.2056152821
4 1 -0.0191391706 -0.1472989321
4 2 0.1774092913 -0.0243780613
4 3 -0.6146162748 0.3498041630
4 4 0.2853167057 0.0115729570
4 5 0.1584128141 0.1976362467
4 6 0.1716445156 -0.1809143164
4 7 0.2962676028 0.3647448741
4 8 0.0810571577 0.6361833637
4 9 -0.3133573196 0.3428225364
4 10 -0.2841395140 -0.2777512074
4 11 -0.2397472858 0.5113731623
4 12 0.2903107405 -0.0015441179
4 13 0.3533338308 0.0772632360
4 14 -0.1178584099 -0.0201537609
4 15 -0.1384652853 0.2867171764
5 0 -0.1241230965 -0.5666432381
5 1 0.1114157438 0.3367019892
5 2 0.4235545397 0.0020506382
5 3 -0.1167143583 -0.1167143583
5 4 0.2839690447 -0.5628874302
5 5 0.0194447839 0.3258857321
5 6 0.0586023501 0.2075970555
5 7 0.2515313098 -0.0313567170
5 8 0.0682270555 -0.3903445975
5 9 0.1486164228 -0.2382027409
5 10 0.7140186564 -0.4032965593
5 11 -0.1619755783 -0.0563471638
5 12 0.2007315159 -0.2343158722
5 13 -0.0300188065 -0.6061338186
5 14 0.0391873121 -0.1685848236
5 15 0.3124369383 -0.1588749886
6 0 -0.1816824675 -0.9417012930
6 1 0.2812486887 -0.4399156570
6 2 0.1772500277 -0.4527392387
6 3 0.1371352673 -0.5057954788
6 4 0.1274223531 -0.7717234948
6 5 -0.0543279256 -0.6424132529
6 6 0.0686211186 -0.6025660748
6 7 -0.0580440811 -0.6526546670
6 8 -0.0052626308 -0.5004667987
6 9 -0.1034414343 -0.4823139132
6 10 0.3723109462 -0.4884711408
6 11 0.4099908244 -0.9253622507
6 12 -0.0985918045 -1.0625095367
6 13 0.2420942783 -1.1491006613
6 14 -0.0650923252 -1.0872060061
6 15 0.1796271801 -0.8047071695
7 0 0.1967611313 1.1117677689
7 1 0.2403972149 0.7268158197
7 2 -0.3068015575 1.4830048084
7 3 0.1856832504 1.4475299120
7 4 -0.8635109122 1.4502651346
7 5 0.3291057255 1.0686274754
7 6 -0.2766404053 1.1917619007
7 7 0.2446999163 1.6322530646
7 8 -0.2759831538 1.2365035007
7 9 -0.3501974526 0.7039849540
7 10 0.3787839582 0.9117078815
7 11 -0.0684105462 1.1726328630
7 12 0.0170757771 0.6302870512
7 13 0.2661960125 0.6679854393
7 14 0.1335884333 0.0291365385
7 15 -0.5296983719 0.8838616610
8 0 -0.6270387173 -1.5889830589
8 1 -0.3959093094 -3.6579728127
8 2 -0.1899694204 -3.5246970654
8 3 -0.6926534176 -3.8423622847
8 4 -0.2725961360 -3.8250132094
8 5 0.2843820229 -3.7290191501
8 6 0.7140216202 -3.4697471076
8 7 0.0714137847 -3.9134738651
8 8 -0.2459493976 -3.7407579314
8 9 0.1377807212 -3.9685880461
8 10 -0.1971533608 -3.9164220405
8 11 -0.0169988742 -4.1047999372
8 12 -0.0064477921 -4.1131446362
8 13 0.5387575626 -3.9788811207
8 14 -0.6132224798 -3.9626183510
8 15 0.4818373919 -3.1054091454
9 0 -0.7504421473 -3.6366798878
9 1 -0.0628358126 -3.2786566019
9 2 -0.5060826540 -3.9085720778
9 3 -0.3114129305 -3.8662638664
9 4 -0.1024081989 -3.7737362574
9 5 -0.8460601938 -4.2874509908
9 6 -0.5517398215 -4.5407741331
9 7 0.2497817540 -4.4877175939
9 8 0.2141850088 -4.4844015893
9 9 0.1855755779 -4.0716745516
9 10 -0.5012929292 -3.9288339808
9 11 -0.8361376792 -4.5199266073
9 12 -0.2709927559 -4.7055705786
9 13 -0.1319296360 -4.5287072659
9 14 -0.3905665874 -4.6659564972
9 15 -0.4072502851 -4.8070316315
10 0 -1.7133712769 4.5386301279
10 1 -2.2581155300 4.8535012007
10 2 -1.9884514809 4.8587372303
10 3 -1.7379546165 4.8639575243
10 4 -1.5048750639 4.8686275482
10 5 -1.2873747749 4.8730025410
10 6 -1.0892393166 4.8758936005
10 7 -1.6853847141 4.5545765988
10 8 -0.6623347804 3.9425595285
10 9 -2.1004138839 3.6217354319
10 10 -1.0025780211 3.6391292535
10 11 -0.8100407475 3.6346752390
10 12 -0.6295264959 3.6304066181
10 13 -0.4597405195 3.6266430616
10 14 -0.2999848127 3.6229460239
10 15 -2.0957164764 3.6542788744
11 0 0.3849239349 1.7544819117
11 1 -0.3381688595 0.7223443985
11 2 -0.7864446640 1.2275269032
11 3 -0.0674719810 1.6796443462
11 4 0.2358422279 0.2073407173
11 5 -2.1665480489 2.4914529778
11 6 0.8084044791 3.1069544677
11 7 0.3176348294 2.7106322905
11 8 -1.0789511073 2.6774878919
11 9 0.7540073172 3.5608775769
11 10 -0.0413507843 2.1504995508
11 11 -1.3713389635 1.8344953060
11 12 0.6469551325 2.3065992594
11 13 -0.2228809595 1.8095376492
11 14 -0.6720583439 2.1569933891
11 15 -0.6916558743 3.5076956749
12 0 0.6351487637 -0.3221567869
12 1 0.6930449009 0.1635266542
12 2 0.5702676773 0.0464152098
12 3 0.1440726519 0.1231582165
12 4 0.4170897007 -0.2799239159
12 5 0.5309270620 0.0096449852
12 6 0.4108192921 -0.1244603395
12 7 0.5057591200 -0.0607157946
12 8 0.3966073990 0.2118742466
12 9 0.4560953379 0.0629726648
12 10 0.2667568922 -0.2598741055
12 11 0.4706805944 0.0516272783
12 12 0.5844230652 -0.3208668232
12 13 0.8260502815 0.1821181774
12 14 0.8708411455 0.1865667105
12 15 0.4073241949 0.0157456398
13 0 0.6743172407 0.0530871153
13 1 0.2704864740 -0.2221825123
13 2 0.2743883133 -0.0459187031
13 3 0.2808810472 0.1223657131
13 4 0.4601727724 0.1471883059
13 5 0.1277858019 -0.0423471928
13 6 0.2402356863 -0.0161870718
13 7 0.0826481581 -0.2580492496
13 8 0.5566785336 -0.1417176723
13 9 0.2433915138 -0.0251593590
13 10 0.3603783846 0.0769639015
13 11 0.2107089758 0.0537543297
13 12 0.1507067680 0.2466448545
13 13 0.2263832092 -0.1725971699
13 14 0.4615447521 0.0545858145
13 15 0.3377467394 -0.1153393984
14 0 0.4250605106 -0.4380651712
14 1 -0.0971615314 -0.0645337105
14 2 0.3418030739 0.0823484659
14 3 0.1631813049 -0.1058293581
14 4 0.4749486446 0.1928663254
14 5 0.7532480955 0.0332503319
14 6 0.3840388060 0.0059089661
14 7 0.4849544764 -0.1013803482
14 8 0.6231144667 0.2877538204
14 9 0.3091719151 -0.1470768452
14 10 0.3693027496 0.1694355011
14 11 0.1615822315 0.0861301422
14 12 0.0859357119 0.2890683413
14 13 0.5126539469 -0.1762454510
14 14 0.2629929781 0.0085234642
14 15 0.2887989283 0.0715796947
15 0 0.3518410921 0.6343650818
15 1 0.2318004370 0.5553039312
15 2 0.6572381258 0.1811487675
15 3 0.3889217377 0.3439038992
15 4 0.5561505556 0.6631233692
15 5 -0.1377098560 0.3171975613
15 6 0.4635552168 -0.3178397417
15 7 0.4601330757 0.1464360952
15 8 0.4995611906 -0.0624477863
15 9 0.0078451633 -0.2731142044
15 10 0.3414695263 -0.2769975662
15 11 0.1591786146 0.7520341873
15 12 0.2494812012 0.0582311153
15 13 0.2747356892 0.3431916237
15 14 0.4737262726 0.8188583851
15 15 0.0000000000 0.0000000000
